image: map.pgm
resolution: 0.020000
origin: [-3.006077, -15.205364, 0.000000]
negate: 0
occupied_thresh: 0.65
free_thresh: 0.196

