image: map.pgm
resolution: 0.020000
origin: [-10.217242, -27.161216, 0.000000]
negate: 0
occupied_thresh: 0.65
free_thresh: 0.196

